min
temps=6500:3400
latlon=37.888393:-122.296577
speed=1000
method=RANDR
map=177.00,100;3.00,100;-6.00,0;-174.00,0;
